version: 1
creator: callgrind-3.11.0
pid: 20692
cmd:  ./counts-valgrind 1000 1000
part: 1


desc: I1 cache: 
desc: D1 cache: 
desc: LL cache: 

desc: Timerange: Basic block 0 - 106598745
desc: Trigger: Program termination

positions: line
events: Ir
summary: 531135524


ob=(3) /usr/lib64/libc-2.17.so
fl=(64) /usr/src/debug/glibc-2.17-c758a686/stdlib/cxa_atexit.c
fn=(258) __cxa_atexit
56 6
-22 2
cfn=(260) __new_exitfn
calls=1 +38 
* 39
+2 2
+4 1
+3 1
+1 1
-4 2
+2 1
+4 1
+1 1
+11 4

fn=(260)
72 1
+6 2
-6 3
+6 4
+2 4
-7 2
+9 3
-2 1
+10 1
-10 2
+45 1
+1 1
+3 4
+3 5
-35 2
+14 1
+1 2

fl=(81) /usr/src/debug/glibc-2.17-c758a686/libio/genops.c
fn=(342) _IO_link_in
98 8
+1 6
+4 1
-2 2
+2 5
+1 10
+2 1
-2 1
+1 1
+1 1
-2 1
+2 1
-2 1
+2 14
+2 1
-2 1
+4 1
+2 1
-3 1
-1 1
+4 7
+2 1
-1 1
+1 8
+1 2
+3 8
-6 7

fn=(338) _IO_old_init
590 1
-16 1
+1 1
+15 1
+5 1
-21 1
+2 1
+1 1
+1 1
+17 1
-16 1
+1 1
+1 1
+1 1
+1 1
+1 1
+2 1
+1 1
+1 1
+1 1
+6 1
+1 4

fn=(410) _IO_un_link
60 12
+1 6
+4 6
+1 10
+2 1
-2 1
+1 1
+1 19
+2 3
+2 2
+13 1
+2 1
-2 1
+2 4
+2 1
-1 1
+1 6
+1 2
+3 12
-6 6
-13 1
+1 1
-1 2

fn=(336) _IO_no_init
603 9
+1 1
cfn=(338)
calls=1 -14 
* 25
+3 1
-2 1
+2 1
+2 1
+1 1
+1 1
+1 1
+1 1
+1 1
+1 1
+1 1
+1 1
+1 1
+1 1
+1 1
+2 1
+3 1
+1 6

fn=(362) _IO_default_uflow
413 404
fi=(89) /usr/src/debug/glibc-2.17-c758a686/libio/libioP.h
959 808
fe=(81)
413 404
fi=(89)
959 404
fe=(81)
413 808
+1 404
fi=(89)
961 808
+1 808
fe=(81)
414 808
cfi=(82) /usr/src/debug/glibc-2.17-c758a686/libio/fileops.c
cfn=(364) _IO_file_underflow@@GLIBC_2.2.5
calls=404 532 
* 37721
+1 808
+2 1612
+1 1616

fn=(414) _IO_unsave_markers
1047 1
+2 1
-2 1
+2 1
+19 3
+2 2

fn=(484) _IO_cleanup
948 1
+3 1
-3 6
+3 1
cfn=(486) _IO_flush_all_lockp
calls=1 760 
* 92
-63 1
+63 1
-63 2
fi=(89)
+71 2
fe=(81)
-59 1
fi=(89)
+59 2
fe=(81)
-69 9
+2 2
-1 4
+3 3
+34 3
-40 9
+75 9

fn=(360) __uflow
349 1616
+2 1213
+6 2020
+3 808
+2 808
+6 808
+7 404
fi=(89)
959 1212
+2 808
+1 808
fe=(81)
375 404
+1 404
-1 404
+1 808
-1 404
cfn=(362)
calls=404 +38 
* 47413
-24 806
+22 1212

fn=(376) _IO_setb
381 10
+1 10
+3 2
+2 8
-3 2
+3 4
+3 8
-7 7
cfi=(93) /usr/src/debug////////glibc-2.17-c758a686/misc/../sysdeps/unix/syscall-template.S
cfn=(420) munmap
calls=1 81 
* 5
* 4

fn=(366) _IO_doallocbuf
395 3
+1 1
-1 1
+1 1
+6 4
-4 3
+1 1
fi=(89)
959 3
+2 2
+1 2
fe=(81)
399 2
cfi=(86) /usr/src/debug/glibc-2.17-c758a686/libio/filedoalloc.c
cfn=(368) _IO_file_doallocate
calls=1 95 
* 118
* 2

fn=(426) _IO_default_finish
639 2
+2 3
+6 3
+3 3
+6 1
+6 1
-6 1
cfn=(410)
calls=1 60 
* 10

fn=(486)
760 8
+6 3
+6 1
-11 1
+10 1
+2 2
fi=(89)
959 2
fe=(81)
777 1
fi=(89)
959 2
fe=(81)
776 3
-1 3
+1 3
+3 9
+10 6
+4 3
-2 3
+2 6
+7 3
-27 6
+31 2
+2 3
+4 9
-31 12

fn=(380) _IO_switch_to_get_mode
176 1616
+1 1212
+3 1212
+5 404
-1 808
+1 404
+7 404
-4 404
+2 808
+2 404
+1 404
+1 1616

fl=(92) /usr/src/debug/glibc-2.17-c758a686/libio/iofclose.c
fn=(408) fclose@@GLIBC_2.2.5
39 3
+14 1
-14 1
+14 3
+3 18
+4 3
-3 2
fi=(89)
887 2
+1 3
fe=(92)
62 1
fi=(89)
959 3
+2 2
+1 2
fe=(92)
62 3
cfi=(82)
cfn=(424) _IO_file_finish@@GLIBC_2.2.5
calls=1 207 
* 36
+1 3
+18 6
+2 1
+1 2
cob=(2) ???
cfi=(16) ???
cfn=(428) 0x0000000004c44998
calls=1 -84 
* 146
+4 5
-10 2
-24 1
cfi=(81)
cfn=(410)
calls=1 +6 
* 80
* 3
+4 2
cfi=(82)
cfn=(412) _IO_file_close_it@@GLIBC_2.2.5
calls=1 165 
* 120
* 3
fi=(89)
888 6
fe=(92)

fl=(65) /usr/src/debug////////glibc-2.17-c758a686/setjmp/../sysdeps/x86_64/bsd-_setjmp.S
fn=(284) _setjmp
31 1
+2 1
cfi=(66) /usr/src/debug////////glibc-2.17-c758a686/setjmp/../sysdeps/x86_64/setjmp.S
cfn=(286) __sigsetjmp
calls=1 -7 
* 28

fl=(43) /usr/src/debug/glibc-2.17-c758a686/time/../sysdeps/unix/sysv/linux/x86_64/time.c
fn=(172) time
36 1
+1 1
+3 2
-3 4
+3 1
cfi=(44) /usr/src/debug/glibc-2.17-c758a686/elf/../sysdeps/unix/sysv/linux/dl-vdso.c
cfn=(174) _dl_vdso_vsym
calls=1 -13 
* 7
* 3
+1 3

fl=(98) /usr/src/debug/glibc-2.17-c758a686/posix/../sysdeps/unix/sysv/linux/_exit.c
fn=(492) _Exit
27 2
+4 1
+2 2

fl=(87) /usr/src/debug/glibc-2.17-c758a686/io/../sysdeps/unix/sysv/linux/wordsize-64/fxstat.c
fn=(372) _fxstat
35 1
-1 1
+1 1
+1 6
+4 1

fl=(91) /usr/src/debug////////glibc-2.17-c758a686/string/../sysdeps/x86_64/multiarch/strcmp-sse42.S
fn=(402) __strcmp_sse42
130 3156459
+1 3156459
+2 3156459
+1 3156459
+26 3156459
+1 3156459
+1 3156459
+1 3156459
+1 3156459
+1 3156459
+35 3156459
+1 3156459
+1 3156459
+1 3156459
+1 3156459
+1 3156459
+1 3156459
1714 3156459
+6 3156459
+1 3156459
+8 3156459
+1 3156459

fl=(85) /usr/src/debug/glibc-2.17-c758a686/libio/getc.c
fn=(358) getc
35 3293496
+3 3293496
-3 3293496
+3 49402440
+1 19759764
fi=(89)
887 6586992
+1 26347968
fe=(85)
42 9880488
-3 808
cfi=(81)
cfn=(360)
calls=404 349 
* 62360
* 808

fl=(83) /usr/src/debug////////glibc-2.17-c758a686/io/../sysdeps/unix/syscall-template.S
fn=(384) read
81 808
cfn=(386) __read_nocancel
calls=404 * 
* 2020

fn=(346) open
81 2
cfn=(348) __open_nocancel
calls=1 * 
* 5

fn=(418) __close_nocancel
81 5

fn=(386)
81 2020

fn=(348)
81 5

fl=(77) /usr/src/debug/glibc-2.17-c758a686/elf/dl-addr.c
fn=(322) _dl_addr
126 9
+5 1
-5 2
+5 2
cob=(1) /usr/lib64/ld-2.17.so
cfi=(2) /usr/src/debug/glibc-2.17-c758a686/elf/rtld.c
cfn=(50) rtld_lock_default_lock_recursive
calls=1 787 
* 2
+3 6
+1 4
+1 15
+1 2
30 1
+1 1
-1 1
+4 2
+5 1
+6 1
-7 1
+2 2
+2 1
-2 1
+2 1
+3 1
+5 7
+2 1
+1 2
-1 1010
+1 2020
+2 4963
+6 11180
+2 8944
+1 16335
+7 2236
-2 2236
+2 5483
-21 2022
+49 3
+1 1
+1 3
+3 2
+41 3
cob=(1)
cfi=(2)
cfn=(52) rtld_lock_default_unlock_recursive
calls=1 793 
* 2
+3 9
-13 6
-19 1
+1 1
+23 2

fl=(72) /usr/src/debug////////glibc-2.17-c758a686/string/../sysdeps/x86_64/multiarch/strlen-sse2-pminub.S
fn=(302) __strlen_sse2_pminub
32 1
+1 1
+1 1
+1 1
+1 1
+1 1
+1 1
+1 1
+1 1
+1 1
+1 1
224 1
+1 1
+1 1

fl=(79) /usr/src/debug/glibc-2.17-c758a686/misc/sbrk.c
fn=(332) sbrk
34 2
+8 2
-8 6
+8 9
+4 4
+4 4
+3 1
cfi=(80) /usr/src/debug/glibc-2.17-c758a686/misc/../sysdeps/unix/sysv/linux/x86_64/brk.c
cfn=(334) brk
calls=1 -22 
* 13
* 2
+4 10
-14 4
cfi=(80)
cfn=(334)
calls=2 -12 
* 26
* 8

fl=(52) /usr/src/debug/glibc-2.17-c758a686/csu/../csu/init-first.c
fn=(218) _init
52 8
+6 6
+17 1
fi=(53) /usr/src/debug/glibc-2.17-c758a686/csu/../sysdeps/unix/sysv/linux/x86_64/init-first.c
-35 2
fe=(52)
+33 1
+1 1
fi=(53)
-34 1
-2 2
fe=(52)
+37 1
fi=(53)
-37 3
+2 1
cfi=(44)
cfn=(174)
calls=1 -13 
* 7
+1 2
+5 2
-3 2
+1 1
+2 1
cfi=(44)
cfn=(174)
calls=1 -19 
* 7
fe=(52)
+43 1
fi=(53)
-39 1
fe=(52)
+39 2
fi=(53)
-39 2
+1 2
+1 1
fe=(52)
+37 1
cfi=(54) /usr/src/debug/glibc-2.17-c758a686/misc/init-misc.c
cfn=(222) __init_misc
calls=1 -59 
* 75
+8 1
cfi=(56) /usr/src/debug/glibc-2.17-c758a686/ctype/ctype-info.c
cfn=(226) __ctype_init
calls=1 -65 
* 16
+5 6
-35 1
-9 1
+9 4
fi=(53)
-25 2
fe=(52)

fl=(57) /usr/src/debug/glibc-2.17-c758a686/libio/vtables.c
fn=(228) check_stdfiles_vtables
81 4
+1 3
+1 4

fl=(76) /usr/src/debug/glibc-2.17-c758a686/malloc/arena.c
fn=(320) ptmalloc_init.part.7
368 6
+11 1
-8 1
+8 1
+7 3
+2 5
+16 2
-71 84
+16 42
-18 129
449 2
+5 2
+1 2
+2 1
+1 7
-78 5
cfi=(77)
cfn=(322)
calls=1 126 
* 56529
* 2
+1 4
-47 10
+1 8

fl=(42) /usr/src/debug////////glibc-2.17-c758a686/string/../sysdeps/x86_64/multiarch/strcmp.S
fn=(170) strcasecmp
100 1
+2 1
+1 1
+1 1
+2 1
+1 1
+1 1
+5 1

fn=(178) strncasecmp
120 1
+2 1
+1 1
+1 1
+2 1
+1 1
+1 1
+5 1

fn=(400) strcmp
86 1
+1 1
+1 1
+1 1
+5 1

fl=(55) /usr/src/debug////////glibc-2.17-c758a686/string/../sysdeps/x86_64/strrchr.S
fn=(224) __GI_strrchr
25 1
+1 1
+1 1
+1 1
+1 1
+1 1
+1 1
+1 1
+1 1
+1 1
+1 1
+1 1
+1 1
+1 1
+1 1
+1 1
+1 1
+1 1
+1 1
+1 1
+1 1
+1 1
+1 1
+2 1
+1 1
+1 1
+1 1
+1 1
+1 1
+1 1
+1 1
+1 1
+1 1
+2 2
+1 2
+1 2
+1 2
+2 1
+1 1
+1 1
+1 1
+2 1
+1 1
+1 1
+1 1
+1 1
+2 1

fl=(88) /usr/src/debug/glibc-2.17-c758a686/misc/../sysdeps/unix/sysv/linux/wordsize-64/mmap.c
fn=(374) mmap
32 1
+1 1
-1 9
+1 3
+1 10
+2 7
-3 2

fl=(58) /usr/src/debug/glibc-2.17-c758a686/string/../sysdeps/x86_64/cacheinfo.c
fn=(230) init_cacheinfo
478 2
+12 1
-12 1
+12 1
-12 1
+12 1
-12 1
+12 1
648 2
+2 1
+1 1
+2 1
-3 1
+5 1
-5 1
+4 3
+4 2
+2 1
+1 1
+2 1
+4 1
-7 1
+5 1
-5 1
+4 1
+3 2
-3 1
+3 1
-3 1
+3 2
492 2
cfn=(232) handle_intel.isra.0
calls=1 262 
* 1564
+4 1
-4 1
+4 1
cfn=(232)
calls=1 262 
* 982
+2 1
-2 1
-1 1
+3 1
+9 3
+2 1
+1 1
+2 1
+5 2
+9 16
-9 12
+6 3
-6 3
+6 3
-6 3
+6 1
-6 1
+6 1
+69 4
+1 6
-65 1
+32 1
-26 5
+7 2
+4 4
+2 4
-6 4
+4 1
-2 1
+2 1
-4 3
+4 1
-2 1
+2 1
+15 1
+1 4
-9 1
+2 2
+1 1
-1 2
+1 1
+1 1

fn=(232)
262 4
+12 2
-12 12
+9 2
+1 4
-3 6
+23 10
cfn=(234) intel_check_word
calls=2 132 
* 1478
+1 4
+3 10
cfn=(234)
calls=2 132 
* 735
+1 4
+3 5
cfn=(234)
calls=1 132 
* 31
+1 2
+3 5
cfn=(234)
calls=1 132 
* 194
+1 2
-25 4
+5 2
-5 4
+5 2
+2 2
+1 2
-1 4
+27 16

fn=(234)
132 48
+1 18
+6 48
+2 6
-2 6
+2 6
+88 10
-76 26
+53 26
+23 65
-1 13
+1 13
cfi=(59) /usr/src/debug/glibc-2.17-c758a686/stdlib/bsearch.c
cfn=(236) bsearch
calls=13 26 
* 1979
+2 26
+2 12
+14 2
+6 11
141 22
+2 13
+2 26
-10 4
258 48
-23 2
+2 4
+2 4

fn=(238) intel_02_known_compare
121 261
+3 252
-2 3
+3 3

fl=(71) /usr/src/debug////////glibc-2.17-c758a686/string/../sysdeps/x86_64/multiarch/strlen.S
fn=(300) strlen
32 1
+1 1
+1 1
+1 1
+6 1
+1 1
+2 1

fl=(75) /usr/src/debug/glibc-2.17-c758a686/malloc/hooks.c
fn=(318) malloc_hook_ini
30 2
fi=(76)
370 3
fe=(75)
29 3
cfi=(76)
cfn=(320)
calls=1 368 
* 56846
* 1
+4 1
-1 1
cfi=(74) /usr/src/debug/glibc-2.17-c758a686/malloc/malloc.c
cfn=(317) malloc'2
calls=1 2894 
* 1222

fl=(96) /usr/src/debug/glibc-2.17-c758a686/stdlib/cxa_finalize.c
fn=(474) __cxa_finalize
30 3
+17 1
-17 5
+4 4
+4 6
-4 3
+32 4
+4 6
-4 3
+12 2
+3 1
-2 1
+2 6
-2 1
cfi=(97) /usr/src/debug/glibc-2.17-c758a686/nptl/../nptl/sysdeps/unix/sysv/linux/unregister-atfork.c
cfn=(476) __unregister_atfork
calls=1 -44 
* 7

fl=(63) /usr/src/debug/glibc-2.17-c758a686/csu/../csu/libc-start.c
fn=(256) (below main)
132 7
+4 1
-4 3
+4 7
+62 1
-62 1
+62 1
+1 4
cfi=(64)
cfn=(258)
calls=1 56 
* 61
+22 6
+3 2
+1 5
cob=(5) /home/csdue/jaclemon/CSE306/lex20-JordanClemons/code/counts-valgrind
cfi=(60) ???
cfn=(262) __libc_csu_init
calls=1 0 
* 54
+4 4
+15 2
+9 2
cfi=(65)
cfn=(284)
calls=1 31 
* 30
+1 2
+5 2
+1 2
+3 2
+3 6
cob=(5)
cfi=(68) /home/csdue/jaclemon/CSE306/lex20-JordanClemons/code/main.c
cfn=(290) main
calls=1 5 
* 531016824
+34 2
cfi=(94) /usr/src/debug/glibc-2.17-c758a686/stdlib/exit.c
cfn=(436) exit
calls=1 98 
* 1726

fl=(84) /usr/src/debug/glibc-2.17-c758a686/string/../string/strstr.c
fn=(350) __GI_strstr
53 8
+10 3
+2 2
+1 1
+23 8
-26 1
-5 2

fl=(47) /usr/src/debug/glibc-2.17-c758a686/time/../sysdeps/unix/sysv/linux/x86_64/gettimeofday.c
fn=(182) gettimeofday
30 1
+1 1
+3 2
-3 4
+3 1
cfi=(44)
cfn=(174)
calls=1 -7 
* 7
+1 3
+1 3

fl=(59)
fn=(236)
26 13
+5 13
-5 117
+7 13
-7 26
+7 13
+7 26
+1 23
-8 46
+2 87
+2 87
-2 87
+1 261
+1 174
cfi=(58)
cfn=(238)
calls=87 +84 
* 519
+1 174
+1 61
-6 122
+14 10
-1 10
+1 73
-11 3
+11 21

fl=(74)
fn=(430) free
2930 2
+1 2
+5 2
+5 1
-2 1
+2 2
+16 3
+1 3
cfn=(432) _int_free
calls=1 3817 
* 129

fn=(432)
3817 10
+13 3
+6 4
+1 2
+13 4
+13 2
+75 2
3828 1
3939 2
+9 1
-4 1
+4 2
+6 2
+8 3
+6 2
+1 2
+1 2
1915 3
3979 2
+7 2
+65 2
+1 2
+3 3
+16 2
+2 4
+10 8
3940 6
+1 2
4057 5
+2 4
cfn=(434) systrim.isra.2
calls=1 2758 
* 27
* 1
-27 1
+1 3
+1 2
-78 3
-2 2

fn=(434)
2758 8
+10 2
-1 1
+1 1
+3 4
+2 2
+41 1
+1 8

fn=(326) malloc_consolidate
4100 8
+22 2
+73 1
-73 3
1835 1
+2 3
-2 128
+2 378
-2 252
+6 3
+5 1
+2 1
-2 1
4195 8
1845 3

fn=(324) _int_malloc
3317 3
+30 1
-30 6
+30 9
+4 2
+14 2
+37 2
+1 2
+1 2
+2 3
+1 2
3809 8
-15 1
4965 2
3794 3
+2 25
4963 1
+2 1
-2 3
3463 5
1908 2
3593 2
+70 1
+1 1
+1 1
-1 1
+1 1
+1 2
+1 2
+5 4
+2 3
+2 4
-2 3
+2 4
-2 2
+97 1
+3 1
-2 2
+2 2
+16 2
3408 4
cfn=(326)
calls=1 4100 
* 793
* 3
3803 4
cfn=(328) sysmalloc
calls=1 2286 
* 247
+1 1
-1 1
+1 1
1908 4

fn=(316) malloc
2894 4
+5 2
+1 2
+1 1
+19 3
-19 1
cfi=(75)
cfn=(318)
calls=1 30 
* 58079

fn=(317)
2894 4
+5 2
+1 2
+3 7
+2 3
cfn=(324)
calls=1 3317 
* 1182
+3 1
-3 1
+3 1
+6 2
+1 4
+5 5
-17 6
+5 2

fn=(328)
2286 9
+21 1
+11 1
-11 2
+11 1
+1 3
+79 1
+20 1
-19 2
+19 2
2724 2
+6 1
+3 1
-3 1
+3 2
+1 1
+3 3
-2 1
+2 2
+1 1
-1 1
-1 1
+1 1
+1 1
+2 1
+6 8
-21 2
2469 2
+19 2
-19 5
+19 2
+8 1
-8 1
+8 1
+1 6
cfi=(78) /usr/src/debug/glibc-2.17-c758a686/malloc/morecore.c
cfn=(330) __default_morecore
calls=1 46 
* 62
+1 1
-1 1
+1 1
+3 4
+2 2
+1 2
+18 2
+25 2
+2 2
2400 1
2555 1
-6 1
+6 1
+3 6
+42 3
+19 1
+3 2
+1 4
+3 1
-3 1
+3 2
cfi=(78)
cfn=(330)
calls=1 46 
* 45
+12 3
+5 2
+1 4
+35 1
+1 1
-2 1
+1 2
+12 1
-12 1
+1 2
+11 1
2548 5
+10 2

fl=(78)
fn=(330)
46 2
+1 2
cfi=(79)
cfn=(332)
calls=2 -13 
* 91
+2 6
+2 6

fl=(80)
fn=(334)
31 3
-3 3
+3 21
+8 3
-6 6
+7 3

fl=(97)
fn=(476)
35 1
-8 2
+11 2
+82 2

fl=(44)
fn=(174)
27 4
-1 4
+1 4
+4 8
-3 8

fl=(86)
fn=(368)
95 5
+15 4
fi=(89)
959 3
+2 2
+1 2
fe=(86)
110 3
cfi=(82)
cfn=(370) _IO_file_stat
calls=1 1224 
* 14
* 2
+2 4
+11 5
-14 1
+18 6
cfi=(88)
cfn=(374)
calls=1 -95 
* 33
* 2
+1 5
cfi=(81)
cfn=(376)
calls=1 381 
* 21
+1 1
+1 5

fl=(46) /usr/src/debug////////glibc-2.17-c758a686/string/../sysdeps/x86_64/multiarch/memset.S
fn=(180) memset
27 1
+1 1
+1 1
+1 1
+1 1
+2 1
+1 1
+5 1

fl=(48) ???
fn=(184) memcpy@GLIBC_2.2.5
0 15

fl=(66)
fn=(286)
26 1
+9 1
+1 2
+1 1
+4 1
+1 1
+1 1
+1 1
+1 1
+2 2
+2 1
+1 1
+1 1
+2 2
+2 1
+9 1
cfi=(67) /usr/src/debug/glibc-2.17-c758a686/setjmp/sigjmp.c
cfn=(288) __sigjmp_save
calls=1 -35 
* 9

fl=(73) /usr/src/debug/glibc-2.17-c758a686/libio/iofopen.c
fn=(352) __fopen_maybe_mmap
41 1
-2 1
+2 1
+15 1

fn=(312) __fopen_internal
61 6
+8 1
-8 2
+8 1
cob=(2)
cfi=(16)
cfn=(314) 0x0000000004c44990
calls=1 -69 
* 58093
+2 1
-2 1
+2 1
+3 1
+3 5
-3 1
+3 1
cfi=(81)
cfn=(336)
calls=1 603 
* 58
+4 1
+1 1
-1 1
+1 1
cfi=(82)
cfn=(340) _IO_new_file_init_internal
calls=1 +61 
* 95
+4 5
cfi=(82)
cfn=(344) _IO_file_fopen@@GLIBC_2.2.5
calls=1 256 
* 113
* 1
+1 1
-1 1
+6 5
-5 1
cfn=(352)
calls=1 -46 
* 4

fn=(310) fopen@@GLIBC_2.2.5
97 2
cfn=(312)
calls=1 -36 
* 58402

fl=(54)
fn=(222)
30 4
+1 5
+2 3
cfi=(55)
cfn=(224)
calls=1 -8 
* 51
+4 5
+1 3
+2 4

fl=(56)
fn=(226)
32 5
+2 1
-2 2
+2 3
+2 5

fl=(93)
fn=(420)
81 4
+1 1

fl=(67)
fn=(288)
29 2
-1 2
+1 2
+5 3

fl=(82)
fn=(424)
207 4
+1 2
+7 1
-1 2
+1 2
-1 1
cfi=(81)
cfn=(426)
calls=1 639 
* 24

fn=(412)
165 3
+2 1
-2 1
+2 2
+4 1
+3 1
-3 1
-1 2
+6 1
+3 1
-3 1
cfi=(81)
cfn=(414)
calls=1 1047 
* 9
+3 2
+4 3
+9 5
cfi=(81)
cfn=(376)
calls=1 381 
* 39
+1 2
+3 1
-3 1
+1 3
+2 1
cfi=(81)
cfn=(410)
calls=1 60 
* 10
+5 2
-4 1
+1 1
+1 1
+2 1
+1 4
-23 1
fi=(89)
959 3
+2 2
+1 2
fe=(82)
179 2
cfn=(416) _IO_file_close
calls=1 1245 
* 7
* 2

fn=(340)
143 1
+4 1
-4 3
+5 1
-1 1
+3 1
cfi=(81)
cfn=(342)
calls=1 -52 
* 82
+1 1
+1 4

fn=(416)
1245 2
cfi=(83)
cfn=(418)
calls=1 81 
* 5

fn=(382) _IO_file_read
1211 1616
cfi=(83)
cfn=(384)
calls=404 81 
* 2828

fn=(344)
256 1
+12 1
-12 8
+11 3
+2 4
426 8
277 2
-20 1
+37 12
+41 1
224 1
+1 2
-1 1
+4 1
cfi=(83)
cfn=(346)
calls=1 81 
* 7
* 1
+4 2
+3 1
-1 1
+1 2
+3 2
-3 1
+3 1
+10 2
cfi=(81)
cfn=(342)
calls=1 98 
* 11
355 3
cfi=(84)
cfn=(350)
calls=1 53 
* 25
* 1
+1 3
-83 1
-1 1
-15 2

fn=(364)
532 3232
+8 1212
+6 1212
+3 808
+13 808
fi=(89)
888 1212
fe=(82)
582 808
cfi=(81)
cfn=(380)
calls=404 176 
* 9696
+11 404
-5 404
fi=(89)
961 404
fe=(82)
588 808
fi=(89)
961 404
fe=(82)
589 404
+2 404
fi=(89)
962 404
fe=(82)
590 808
fi=(89)
962 404
fe=(82)
593 1616
cfn=(382)
calls=404 1211 
* 4444
+2 808
+10 403
-3 403
+3 806
+2 806
+1 4436
-56 3
+5 2
cfi=(81)
cfn=(366)
calls=1 395 
* 143
* 2
+41 1
-1 1
+1 2
+10 1
-4 1
+4 7

fn=(370)
1224 1
+1 3
cfi=(87)
cfn=(372)
calls=1 35 
* 10

fl=(90) /usr/src/debug/glibc-2.17-c758a686/ctype/../include/ctype.h
fn=(394) __ctype_b_loc
34 6586990
+1 3293495

fl=(94)
fn=(436)
98 2
+1 2
-1 1
+1 1
cfn=(438) __run_exit_handlers
calls=1 -63 
* 1720

fn=(438)
36 9
+5 6
+4 3
-4 3
+4 3
+3 1
-1 1
+2 5
+33 1
+1 1
-1 1
+1 1
+6 2
+1 5
cfi=(81)
cfn=(484)
calls=1 948 
* 149
* 3
+2 2
cfi=(98)
cfn=(492)
calls=1 -65 
* 5
-19 1
+4 2
-2 2
+2 1
cob=(1)
cfi=(95) /usr/src/debug/glibc-2.17-c758a686/elf/dl-fini.c
cfn=(440) _dl_fini
calls=1 +55 
* 1512
+1 1

fl=(45) /usr/src/debug////////glibc-2.17-c758a686/string/../sysdeps/x86_64/multiarch/strnlen.S
fn=(176) strnlen
30 1
+1 1
+1 1
+1 1
+2 1

ob=(5)
fl=(60)
fn=(446) 0x0000000000400650
0 15
cfn=(452) 0x00000000004005d0
calls=1 0 
0 8
0 5

fn=(278) 0x0000000000400a60
0 4

fn=(262)
0 16
cob=(2)
cfi=(16)
cfn=(264) 0x00000000004004e0
calls=1 0 
0 28
0 10

fn=(268) 0x00000000004006c0
0 16

fn=(452)
0 8

fn=(242) 0x00000000004005a0
0 11
cob=(1)
cfi=(61) /usr/src/debug////////glibc-2.17-c758a686/elf/../sysdeps/x86_64/dl-trampoline.h
cfn=(250) _dl_runtime_resolve_fxsave
calls=1 71 
0 531019953
0 5

fl=(69) /home/csdue/jaclemon/CSE306/lex20-JordanClemons/code/counts.c
fn=(304) clearBuffer
8 137036
+1 68518
+1 1027770
-1 1164806
+3 102777

fn=(292) countWord
27 12
+1 3
cob=(1)
cfi=(61)
cfn=(251) _dl_runtime_resolve_fxsave'2
calls=1 +43 
* 944
* 5
* 2
+1 23
+1 5
cfn=(304)
calls=1 -22 
* 73
+2 23
+1 2
+1 5
+1 4
+1 51
+3 4
cob=(1)
cfi=(61)
cfn=(251)
calls=1 +32 
* 59300
* 5
* 1
+2 1
+1 2
+1 1
+1 1
+2 11838472
+1 68599
+3 68599
cob=(3)
cfi=(90)
cfn=(394)
calls=68599 -16 
* 205797
* 68599
* 3224896
cob=(3)
cfi=(90)
cfn=(394)
calls=3224895 -16 
* 9674685
cob=(1)
cfi=(61)
cfn=(251)
calls=1 +21 
* 1085
* 3224900
* 33518027
+1 9880485
+1 1233324
+3 15782295
cob=(3)
cfi=(91)
cfn=(402)
calls=3156458 +75 
* 69442076
cob=(1)
cfi=(61)
cfn=(251)
calls=1 +16 
* 958
* 3156463
* 6312918
+1 34258
+1 171290
cfn=(304)
calls=34258 -49 
* 2500834
+1 68516
+1 68516
+4 6244402
+1 112399236
-1 74932824
+4 21855407
-23 9366603
cob=(3)
cfi=(85)
cfn=(358)
calls=3122201 -9 
* 115580797
* 3122201
* 513885
cob=(3)
cfi=(85)
cfn=(358)
calls=171294 -9 
* 6340978
cob=(1)
cfi=(61)
cfn=(251)
calls=1 +27 
* 1252
* 171299
* 9880488
+27 3
cob=(1)
cfi=(61)
cfn=(251)
calls=1 * 
* 1367
* 5
+1 2
+1 8

fl=(68)
fn=(290)
5 2
+1 3
cfi=(69)
cfn=(292)
calls=1 +21 
* 531016816
+1 1
+1 2

ob=(2)
fl=(16)
fn=(444) 0x0000000000400a98
0 2
cob=(5)
cfi=(60)
cfn=(446)
calls=1 0 
0 28
0 2

fn=(78) 0x0000000004000ac0
0 8
cob=(1)
cfi=(17) /usr/src/debug/glibc-2.17-c758a686/elf/dl-minimal.c
cfn=(80) free
calls=8 121 
0 66

fn=(314)
0 1
cob=(3)
cfi=(74)
cfn=(316)
calls=1 2894 
0 58092

fn=(460) 0x0000000004a24708
0 2
cob=(4) /util/valgrind-3.11.0/lib/valgrind/vgpreload_core-amd64-linux.so
cfi=(51) ???
cfn=(462) 0x00000000000004b0
calls=1 0 
0 1000
0 2

fn=(198) 0x0000000004a24448
0 2
cob=(4)
cfi=(51)
cfn=(200) 0x0000000000000490
calls=1 0 
0 6
0 1
cob=(4)
cfi=(51)
cfn=(206) 0x0000000000000530
calls=1 0 
0 6
0 1
cob=(4)
cfi=(51)
cfn=(212) 0x00000000000006d0
calls=1 0 
0 11
0 2

fn=(428)
0 1
cob=(3)
cfi=(74)
cfn=(430)
calls=1 2930 
0 145

fn=(264)
0 5
cob=(5)
cfi=(60)
cfn=(268)
calls=1 0 
0 16
0 1
cob=(5)
cfi=(60)
cfn=(278)
calls=1 0 
0 4
0 2

ob=(4)
fl=(51)
fn=(206)
0 6

fn=(200)
0 6

fn=(212)
0 11

fn=(462)
0 10
cob=(1)
cfi=(61)
cfn=(251)
calls=1 71 
0 972
0 5
0 13

ob=(1)
fl=(35) /usr/src/debug/glibc-2.17-c758a686/misc/../sysdeps/unix/sysv/linux/wordsize-64/mmap.c
fn=(118) mmap
32 8
+1 8
-1 72
+1 20
+1 80
+2 56
-3 18

fl=(8) /usr/src/debug/glibc-2.17-c758a686/elf/../sysdeps/unix/sysv/linux/x86_64/brk.c
fn=(14) brk
31 1
-3 1
+3 6
+8 1
-6 2
+7 1

fl=(39) /usr/src/debug/glibc-2.17-c758a686/elf/dl-version.c
fn=(144) _dl_check_all_versions
381 6
+4 4
-2 2
+4 28
cfn=(146) _dl_check_map_versions
calls=4 174 
* 2417
-2 4
+2 12
-1 4
-1 8
+5 7

fn=(146)
174 36
+15 4
-15 8
+15 8
+2 4
+3 4
-3 4
+2 4
+1 4
+2 4
-3 4
+3 4
+3 8
+4 12
+17 2
56 2
220 2
56 2
220 2
56 10
+1 5
-1 10
+2 21
cfi=(32) /usr/src/debug/glibc-2.17-c758a686/elf/dl-misc.c
cfn=(104) _dl_name_match_p
calls=7 304 
* 510
* 16
228 6
+5 16
+20 2
-16 54
cfn=(148) match_symbol
calls=2 76 
* 272
* 6
cfn=(148)
calls=2 76 
* 302
* 4
+8 16
+3 16
+9 8
-74 2
-8 2
+96 12
+3 6
+10 25
-7 100
+3 75
-3 8
+3 6
+8 4
+86 4
-86 4
+87 8
-81 12
cfi=(17)
cfn=(36) calloc
calls=3 102 
* 129
* 3
+1 3
-2 3
+2 3
+11 3
-3 3
+3 6
+2 9
+3 8
+4 6
+18 2
-15 6
+2 6
-2 6
+2 6
+2 4
+1 4
-1 8
+1 4
-1 4
+1 4
+1 4
-2 4
+2 8
+1 12
+3 12
+8 6
+10 9
+3 8
+20 25
-14 25
-2 25
+2 27
-2 2
+2 2
+4 25
+2 25
-1 50
+1 25
-1 75
+1 25
+1 25
+3 81
+10 3
-1 3
+1 21

fn=(148)
76 44
+9 4
-8 4
-1 8
+1 4
+8 4
+6 12
+18 8
+5 8
+14 28
+12 30
+4 10
-30 20
+16 4
+3 16
cfi=(19) /usr/src/debug////////glibc-2.17-c758a686/string/../sysdeps/x86_64/strcmp.S
cfn=(54) strcmp
calls=4 -1 
* 330
* 8
+35 32

fl=(22) /usr/src/debug////////glibc-2.17-c758a686/posix/../sysdeps/unix/syscall-template.S
fn=(62) uname
81 4
+1 1

fl=(24) /usr/src/debug/glibc-2.17-c758a686/elf/dl-hwcaps.c
fn=(66) _dl_important_hwcaps
39 8
+2 1
-2 1
+3 1
-3 2
+3 1
-3 1
+2 3
+1 2
+9 1
-10 1
+10 2
+10 4
+42 1
+3 17
+1 1
-1 4
+30 2
+8 2
+2 3
+1 2
+1 2
+3 2
+7 1
-7 1
+1 1
+7 1
-1 1
+4 3
+1 1
-1 6
+1 1
+18 12
+1 4
cfi=(17)
cfn=(40) malloc
calls=1 -89 
* 34
* 1
+1 1
-1 1
+1 4
+26 1
+3 1
-3 2
+3 1
+28 9
+1 2
-1 2
+1 6
-1 8
+5 6
+3 1
-3 1
+3 2
-3 1
+3 1
-3 2
+3 1
-3 1
+3 2
-3 1
+3 3
+1 12
+1 4
-1 4
+1 8
-2 4
+1 8
-1 14
+4 4
+3 1
+2 2
-1 1
-1 2
+2 10
+13 2
+1 1
-1 1
+3 2
-3 2
+1 1
-1 1
+3 2
+3 3
+3 9
-65 4
cfi=(18) /usr/src/debug////////glibc-2.17-c758a686/string/../sysdeps/x86_64/memcpy.S
cfn=(68) mempcpy
calls=1 61 
* 22
+1 2
-1 2
+1 1
cfi=(18)
cfn=(68)
calls=1 61 
* 22
* 4

fl=(26) /usr/src/debug////////glibc-2.17-c758a686/string/../sysdeps/x86_64/rtld-memset.S
fn=(82) memset
30 10
+1 10
+1 10
+1 2093
+1 10
+1 10

fl=(19)
fn=(54)
132 213
+1 213
+1 213
+1 128
+1 128
+1 128
+1 128
cfn=(55) strcmp'2
calls=128 -6 
* 9390
+5 85
+1 85
+1 85
+1 85

fn=(55)
132 1308
+1 1308
+1 1308
+1 1297
+1 1297
+1 1297
+1 1297
cfn=(55)
calls=1180 -6 
* 50541
+2 117
+1 117
+2 11
+1 11
+1 11
+1 11

fl=(32)
fn=(104)
304 230
+1 92
cfi=(19)
cfn=(54)
calls=46 132 
* 329
* 46
+1 46
-1 46
+3 46
+2 92
+4 47
-4 94
+1 150
cfi=(19)
cfn=(54)
calls=50 132 
* 762
* 100
-5 3
+11 58
-1 43
+1 172

fl=(36) /usr/src/debug////////glibc-2.17-c758a686/misc/../sysdeps/unix/syscall-template.S
fn=(120) mprotect
81 16
+1 4

fl=(14) /usr/src/debug/glibc-2.17-c758a686/string/../string/memcmp.c
fn=(30) bcmp
309 13
+3 13
-3 65
+4 13
-4 13
+7 26
+4 12
+16 4
+1 8
-1 8
129 21
-15 9
340 6
+4 1
+2 1
-2 2
+1 1
+5 20
+2 9
+1 9
+1 9
+3 98
-3 56
-2 56
+1 56
+4 112
-7 126
+12 8
+1 104
225 1
-7 1
+1 1
+4 1
+2 1
-6 1
+4 1
+2 5
-92 3
+1 3
+1 3
+1 3
+1 3
+48 3
-2 3
+1 3
+1 21
-77 3
+1 6
+4 6
-5 14
+1 28
+4 31
231 1
+2 1
-4 1
+1 1
+4 1
-2 1
+56 2
-2 1
+2 2
-1 1
+1 2
+1 2
+12 6
+1 2
-6 2

fl=(1) ???
fn=(0) 0x0000000000001120
0 2
cfi=(2)
cfn=(2) _dl_start
calls=1 430 
0 112464
0 14
cfi=(50) /usr/src/debug/glibc-2.17-c758a686/elf/dl-init.c
cfn=(196) _dl_init
calls=1 90 
0 3072
0 3
cob=(5)
cfi=(60)
cfn=(242)
calls=1 0 
0 531019969

fl=(6) /usr/src/debug/glibc-2.17-c758a686/elf/dl-lookup.c
fn=(10) _dl_setup_hash
865 12
+4 3
+4 6
+2 3
-1 3
+4 3
+4 3
-4 3
+1 6
+2 3
-2 3
+3 3
+2 3
+1 3
+1 12
+1 3
+3 3
+2 1
+2 1
+2 1
+1 1
+1 1
-4 1
+4 2

fn=(164) do_lookup_x
82 855
+1 95
-6 95
+5 285
-5 665
+11 95
+1 95
233 95
-3 95
+3 95
-3 285
98 95
-3 95
+1 95
+2 95
+3 95
-3 95
+3 95
-3 202
-3 202
+1 202
+2 202
+3 202
-3 202
+3 202
+4 594
+4 594
+4 594
+7 891
+4 594
+1 891
226 297
+1 594
+4 404
-2 202
+5 808
+4 404
-1 404
+1 202
-1 404
+21 110
+24 410
462 1182
+1 160
cfi=(32)
cfn=(104)
calls=32 304 
* 1354
* 192
+3 615
+3 6
287 680
+4 226
+13 92
+1 92
-1 92
+1 92
+1 92
470 760
241 392
-1 196
+2 196
+2 294
+10 306
-7 970
+2 184
+1 368
-1 552
+1 276
cfn=(168) check_match.9524
calls=92 132 
* 14232
+1 460
+11 380
+6 475
+2 1012
-2 253
+2 253
-2 253
+4 1771
cfn=(168)
calls=253 132 
* 5566
+1 1265
-10 95
fi=(41) /usr/src/debug/glibc-2.17-c758a686/elf/../sysdeps/generic/dl-hash.h
32 95
-1 95
+1 475
+2 190
+1 285
+2 190
+1 285
+2 190
+1 285
+2 90
+1 90
-1 90
+2 270
+3 2286
+1 1524
+13 1524
-17 2286
+22 540
fe=(6)
263 180
fi=(41)
67 25
fe=(6)
263 10

fn=(162) _dl_lookup_symbol_x
716 1140
477 95
716 190
477 285
-1 190
+2 95
-1 95
+1 285
-1 285
+1 1137
-1 1137
+1 3411
-1 3601
718 95
+4 95
+9 95
-13 95
+15 95
-14 190
+14 95
-2 95
+6 760
+2 1235
cfn=(164)
calls=95 82 
* 59620
+3 190
+3 3
-8 12
-7 190
+40 190
+24 92
+1 644
+26 92
+9 460
+14 276
+3 368
+5 92
+2 760
-82 21
+18 3
+1 6
+54 2

fn=(168)
132 2415
+1 690
+2 690
+2 276
-2 184
+12 276
+3 264
cfi=(19)
cfn=(54)
calls=20 -18 
* 1636
* 40
+5 92
-1 92
+1 92
-1 92
+1 92
+2 180
+19 180
+1 720
+46 552
-18 4
+2 4
+1 8
-1 4
+1 2
-1 4
+16 1518
-45 270
cfi=(19)
cfn=(54)
calls=90 -46 
* 7796
* 360
-43 506
+81 759

fl=(2)
fn=(50)
787 10

fn=(96) _dl_initial_error_catch_tsd
747 8

fn=(52)
793 10

fn=(100) map_doit
579 2
+2 7
cfi=(23) /usr/src/debug/glibc-2.17-c758a686/elf/dl-load.c
cfn=(102) _dl_map_object
calls=1 2114 
* 2674
* 1
+2 2

fn=(142) version_check_doit
611 2
+2 4
cfi=(39)
cfn=(144)
calls=1 381 
* 2492
* 2
+4 2

fn=(2)
430 9
+18 4
fi=(3) /usr/src/debug/glibc-2.17-c758a686/elf/get-dynamic-info.h
44 1
fe=(2)
448 1
fi=(5) /usr/src/debug/glibc-2.17-c758a686/elf/../sysdeps/x86_64/dl-machine.h
59 3
fi=(3)
-15 1
fe=(2)
474 1
-3 1
fi=(3)
44 1
+17 2
-3 1
-7 1
+5 1
+3 1
+2 1
-3 1
-3 1
-3 2
-5 28
+15 14
-18 42
+18 1
-18 3
+2 40
+5 24
+1 20
+10 5
-18 15
+25 2
+20 4
+1 4
+1 4
+1 4
+2 4
+5 4
+1 4
+1 4
fe=(2)
496 34
fi=(4) /usr/src/debug/glibc-2.17-c758a686/elf/do-rel.h
111 1
-28 1
+28 2
fi=(5)
498 3
fi=(4)
111 2
fi=(5)
498 1
fi=(4)
111 1
fi=(5)
498 27
fi=(4)
111 18
fi=(5)
498 9
fi=(4)
111 9
+13 1
fi=(5)
310 1
fi=(4)
124 2
+13 1
+2 2
-2 1
fi=(5)
264 1
fi=(4)
137 1
fi=(5)
292 1
fi=(4)
137 2
fi=(5)
292 1
fi=(4)
137 7
+2 14
-2 7
fi=(5)
264 7
fi=(4)
137 7
fi=(5)
292 7
fi=(4)
137 14
fi=(5)
292 7
+9 16
+3 8
-3 16
+3 24
+6 48
fi=(3)
53 4
+3 4
+3 4
+1 1
+1 2
fe=(2)
378 1
498 1
378 1
cfi=(6)
cfn=(10)
calls=1 865 
* 23
+1 2
+1 2
+1 2
+1 2
+9 1
+9 1
-9 3
+9 1
-6 1
-3 1
+9 1
cfi=(7) /usr/src/debug/glibc-2.17-c758a686/elf/../elf/dl-sysdep.c
cfn=(12) _dl_sysdep_start
calls=1 86 
* 111784
* 1
+9 4
+3 1
+4 1
-4 1
+4 1
523 9
fi=(5)
399 8
+9 8
fi=(4)
124 25
fe=(2)

fn=(24) dl_main
875 10
+19 1
2464 1
875 1
2464 1
875 1
+19 1
+3 1
-22 2
+22 1
+4 2
+1 2
+5 2
2457 2
+7 1
-5 1
+5 4
+5 1
cfi=(12) /usr/src/debug/glibc-2.17-c758a686/elf/dl-tunables.c
cfn=(26) _dl_process_tunable_env_entries
calls=1 37 
* 271
* 1
-9 4
+11 2
cfi=(13) /usr/src/debug/glibc-2.17-c758a686/elf/dl-environ.c
cfn=(28) _dl_next_ld_env_entry
calls=1 30 
* 124
* 4
cfi=(13)
cfn=(28)
calls=2 30 
* 164
* 9
+4 48
+1 19
-1 57
+3 4
+6 16
2632 3
+30 3
915 2
-2 1
+2 1
1111 7
cfi=(15) /usr/src/debug/glibc-2.17-c758a686/elf/dl-object.c
cfn=(32) _dl_new_object
calls=1 62 
* 244
* 1
+3 1
+1 1
+5 2
-5 1
+1 1
884 1
1116 1
+4 1
cfi=(15)
cfn=(48) _dl_add_to_namespace_list
calls=1 33 
* 34
* 3
+30 1
-3 1
-5 1
+1 1
+2 1
+5 6
+56 2
881 1
1206 2
-55 24
-1 24
+1 39
-1 2
1253 3
+3 2
+2 2
+2 2
+13 2
+1 8
cfi=(19)
cfn=(54)
calls=1 132 
* 7
* 3
+11 1
-4 1
+1 1
-3 1
+6 1
+6 2
fi=(3)
29 1
+9 2
+6 1
-2 1
+2 2
+7 1
+5 1
+3 1
+2 1
-3 1
-3 1
-3 14
+10 3
-18 9
+8 16
+10 16
-18 48
+2 38
+5 12
+18 3
+67 3
+14 3
+18 2
fe=(2)
1296 2
cfi=(6)
cfn=(10)
calls=1 865 
* 14
+3 2
fi=(20) /usr/src/debug/glibc-2.17-c758a686/elf/setup-vdso.h
24 2
fe=(2)
1321 1
cfi=(21) /usr/src/debug/glibc-2.17-c758a686/elf/../sysdeps/unix/sysv/linux/dl-sysdep.c
cfn=(60) _dl_discover_osversion
calls=1 45 
* 93
* 8
1155 3
+1 1
+86 2
+1 1
-37 2
-1 2
+1 4
-1 2
+2 4
+1 1
+3 2
+1 2
-1 2
+1 2
+1 2
+1 6
+1 2
-45 1
+9 1
-9 1
+9 1
-7 1
+25 1
-25 1
-3 1
+10 1
-19 3
+1 1
2559 4
+1 4
cfi=(14)
cfn=(30)
calls=1 309 
* 120
* 2
+2 3
-57 4
cfi=(14)
cfn=(30)
calls=1 309 
* 26
* 2
+7 4
cfi=(14)
cfn=(30)
calls=1 309 
* 80
* 2
+2 3
1326 2
cfi=(23)
cfn=(64) _dl_init_paths
calls=1 739 
* 5490
+3 3
cfi=(27) /usr/src/debug/glibc-2.17-c758a686/elf/dl-debug.c
cfn=(84) _dl_debug_initialize
calls=1 51 
* 17
+7 1
-7 1
+2 1
+5 1
+3 3
+1 1
+3 1
-3 3
+1 2
+3 1
+5 1
-7 1
+7 1
+1 5
+4 1
+4 1
-2 4
+1 2
+1 3
+5 2
+1 6
+2 2
+1 2
+5 2
+6 4
+1 2
-2 1
890 1
1558 1
cfi=(28) /usr/src/debug/glibc-2.17-c758a686/elf/../elf/dl-tls.c
cfn=(86) _dl_count_modids
calls=1 111 
* 4
* 1
+8 3
+3 2
+4 3
+7 1
+4 3
+19 3
+16 3
cfi=(33) /usr/src/debug////////glibc-2.17-c758a686/io/../sysdeps/unix/syscall-template.S
cfn=(126) access
calls=1 81 
* 9
* 2
+77 4
+17 3
+1 1
-1 1
+1 2
-1 1
+1 5
cfi=(37) /usr/src/debug/glibc-2.17-c758a686/elf/dl-deps.c
cfn=(128) _dl_map_object_deps
calls=1 147 
* 7309
+1 1
+5 1
-5 3
+2 2
+3 4
+1 4
-1 2
+1 12
-1 6
+4 3
+1 3
+1 1
+2 2
+1 5
-1 4
+1 4
-1 6
-28 11
168 2
1742 1
-1 2
+1 1
+2 1
+2 3
+2 1
-4 1
+4 2
+15 2
+1 3
+13 1
-2 1
+2 1
-2 1
+2 1
-1 1
-1 2
+2 1
cfi=(30) /usr/src/debug/glibc-2.17-c758a686/elf/dl-error.c
cfn=(140) _dl_receive_error
calls=1 197 
* 2532
+10 1
+1 1
-1 1
+1 1
+1 1
cfn=(150) init_tls
calls=1 678 
* 668
* 1
+2 2
802 1
fi=(99) /usr/src/debug/glibc-2.17-c758a686/elf/../sysdeps/unix/sysv/linux/dl-osinfo.h
86 2
fe=(2)
804 1
fi=(99)
112 1
fe=(2)
813 1
+7 1
-5 1
1796 2
2029 3
+56 1
+4 1
+7 1
-11 1
+4 3
+4 2
+3 1
+8 2
+99 4
+2 1
+5 2
cfi=(28)
cfn=(188) _dl_allocate_tls_init
calls=1 443 
* 254
+4 2
+12 2
+29 1
cfi=(7)
cfn=(190) _dl_sysdep_start_cleanup
calls=1 251 
* 1
+4 3
+20 3
cfi=(27)
cfn=(84)
calls=1 51 
* 8
+1 1
-1 1
+2 1
cfi=(27)
cfn=(88) _dl_debug_state
calls=1 75 
* 1
+1 1
+4 1
cfi=(49) /usr/src/debug/glibc-2.17-c758a686/elf/dl-cache.c
cfn=(192) _dl_unload_cache
calls=1 316 
* 5
+5 8
1315 3
1605 3
+1 1
-1 2
+1 1
cfn=(90) handle_ld_preload
calls=1 840 
* 3669
* 1
+1 4
+2 3
-31 2
+1 1
cfi=(27)
cfn=(88)
calls=1 75 
* 1
* 1
2226 2
+15 1
+3 1
-3 1
+3 1
-3 2
+3 2
-3 1
+2 1
+1 1
cfi=(40) /usr/src/debug/glibc-2.17-c758a686/elf/dl-reloc.c
cfn=(156) _dl_relocate_object
calls=1 148 
* 7240
+1 4
+2 3
2079 1
883 2
1739 2
2150 3
+7 1
+2 11
+2 1
+2 12
+5 8
+2 8
+8 4
-2 4
+2 8
+1 24
cfi=(40)
cfn=(156)
calls=3 148 
* 81724
+4 14
-22 12
+25 4
+2 1
+6 1
-6 1
+6 1
1700 6
+1 1
-1 2
+4 1
+1 1
-1 1
+2 2
2172 1
+1 1
-3 2
+14 2
cfi=(28)
cfn=(186) _dl_add_to_slotinfo
calls=1 879 
* 24
* 1

fn=(150)
678 1
-1 1
-6 1
+2 2
+4 1
+10 2
-4 1
+4 2
cfi=(17)
cfn=(36)
calls=1 102 
* 91
* 1
-1 1
+6 1
-9 1
+11 1
+6 1
-1 1
+1 10
+2 8
+4 1
+2 1
-2 2
-5 8
+12 1
cfi=(28)
cfn=(152) _dl_determine_tlsoffset
calls=1 144 
* 56
+7 1
cfi=(28)
cfn=(154) _dl_allocate_tls_storage
calls=1 349 
* 455
+1 1
-1 1
+1 1
+6 1
+4 1
-4 1
+4 6
+3 2
+3 2

fn=(90)
840 9
+1 1
-76 1
+86 1
-11 2
-75 6
+80 3
fi=(29) /usr/src/debug/glibc-2.17-c758a686/elf/../string/bits/string2.h
984 3
+1 5
-1 252
+1 126
+1 63
-2 63
+2 63
-2 190
+2 1
-2 3
fe=(2)
849 3
+10 4
108 3
862 2
760 1
+5 5
-10 1
+4 1
+1 1
+1 1
+2 1
+2 1
cfi=(30)
cfn=(94) _dl_catch_error
calls=1 159 
* 2744
+1 2
+8 3
+89 1
-18 3
+21 9
-15 4
cfi=(18)
cfn=(46) memcpy
calls=1 61 
* 83
* 1
+1 3

fl=(95)
fn=(440)
132 3
+12 1
-12 5
+19 1
-6 1
+9 10
+3 2
cfi=(2)
cfn=(50)
calls=1 787 
* 2
+3 2
+3 2
+2 7
+11 3
+2 2
+3 21
+11 2
+2 8
+4 4
+2 4
-2 8
+6 4
-5 4
-7 12
+19 6
cfn=(442) _dl_sort_fini
calls=1 33 
* 231
+9 2
cfi=(2)
cfn=(52)
calls=1 793 
* 2
+4 4
+2 1
+2 3
-2 3
+2 9
+3 8
+3 12
+11 4
+12 6
+1 6
cob=(2)
cfi=(16)
cfn=(460)
calls=1 0 
* 1004
cob=(2)
cfi=(16)
cfn=(444)
calls=1 0 
* 32
+5 24
+16 8
-55 9
-70 2
284 6
-49 8
+3 4
+52 2
+7 8

fn=(442)
33 8
+2 1
-2 3
+2 1
+6 1
-1 3
+1 2
-1 1
+1 14
+1 3
-1 1
+1 1
cfi=(26)
cfn=(82)
calls=1 -12 
* 14
+15 8
+62 5
+3 16
cfi=(26)
cfn=(82)
calls=2 -92 
* 18
* 8
-76 6
+1 6
+4 6
+71 2
-76 3
+1 3
+4 9
+6 3
+1 3
-1 3
+1 7
+2 8
+1 4
-1 4
+1 4
+3 6
-1 9
+31 9
+21 3
-57 6
+61 11
+7 8

fl=(15)
fn=(48)
33 6
+2 3
-2 9
+2 3
cfi=(2)
cfn=(50)
calls=3 787 
* 6
+2 22
+4 3
-1 15
+2 2
+2 2
+4 2
+4 2
-4 4
+1 4
+1 4
+2 2
+1 6
-1 2
cfi=(2)
cfn=(52)
calls=2 793 
* 4
-4 1
+4 1
-4 2
+1 2
+1 2
+2 1
+1 3
-1 1
cfi=(2)
cfn=(52)
calls=1 793 
* 2
-5 2

fn=(32)
62 33
+1 3
-1 6
+1 3
cfi=(10) /usr/src/debug////////glibc-2.17-c758a686/string/../sysdeps/x86_64/rtld-strlen.S
cfn=(20) strlen
calls=3 -37 
* 161
+6 3
-6 9
+6 33
+7 12
cfi=(17)
cfn=(36)
calls=3 +26 
* 182
* 3
+3 3
-3 3
+3 3
+4 3
+5 3
-6 3
+6 3
-5 3
+5 3
-1 6
+1 3
cfi=(18)
cfn=(46)
calls=3 -27 
* 97
* 3
+4 3
-2 3
+3 3
-1 3
+1 12
+3 3
-3 3
+3 3
+9 3
-7 3
+4 3
+3 8
+2 2
-2 2
+2 30
-2 30
+12 3
+6 3
-5 3
-1 3
+6 9
-2 3
+2 6
+2 6
+3 7
+4 6
+4 6
+2 1
+6 1
+3 2
+3 5
-3 4
+3 10
+2 2
+4 2
-4 2
cfi=(10)
cfn=(20)
calls=2 26 
* 122
* 4
+4 2
-4 2
+4 6
+64 4
+4 24
-88 6
-39 7
+39 3
+70 6
cfi=(18)
cfn=(68)
calls=2 61 
* 81
* 2
+5 40
+1 40
-1 40
+1 42
-1 2
+1 6
+5 4
-57 4
cfi=(17)
cfn=(40)
calls=2 -67 
* 68
* 2
+1 2
-1 2
+1 6

fl=(11) /usr/src/debug/glibc-2.17-c758a686/elf/../misc/sbrk.c
fn=(22) sbrk
34 4
+8 6
+4 2
+11 5

fl=(10)
fn=(20)
26 21
+1 21
+1 21
+1 21
+2 7
+1 7
+2 7
+1 7
-1 28
+1 28
+1 34
+1 34
+1 34
+2 40
+5 20
+1 20
+1 20
+1 20
+3 20
-6 8
+1 8
+1 8
+1 8
+3 8
+1 22
+1 22
+1 22
+2 22
+3 19
+1 19
+1 19
+1 19
+3 19
+1 13
+1 13
+1 13
+2 13
+3 10
+1 10
+1 10
+1 10
+3 10
+1 8
+1 8
+1 8
+2 8
+3 8
+1 8
+1 8
+1 8
+3 8
+1 8
+1 8
+1 8
+2 8
+3 20
+2 20
+1 20
+1 14
+2 14
+1 14
+1 11
+2 11
+1 11
+1 9
+2 9
+1 9
+1 9
+2 9
+2 9
+1 9
+1 9
+2 9
+1 9
+1 8
+2 8
+1 8
+1 5
+2 5
+1 5
-1 16
+1 16

fl=(13)
fn=(28)
30 3
+3 11
+2 84
+11 40
-13 120
-2 1
+19 1
-14 20
+5 2
-3 2
+3 2
+2 2

fl=(7)
fn=(12)
86 7
+25 1
-1 1
+1 1
-25 1
+25 135
+6 1
-3 1
+1 1
-4 1
+3 1
+3 4
+1 6
-1 3
-29 1
-1 2
+31 108
-1 86
fi=(21)
-82 2
cfi=(8)
cfn=(14)
calls=1 -4 
* 12
fi=(5)
221 5
+4 1
cfi=(9) /usr/src/debug/glibc-2.17-c758a686/elf/../sysdeps/x86/cpu-features.c
cfn=(18) init_cpu_features.constprop.0
calls=1 39 
* 81
fe=(7)
+1 3
+1 1
cfi=(10)
cfn=(20)
calls=1 26 
* 35
* 1
+2 2
cfi=(11)
cfn=(22)
calls=1 34 
* 17
* 3
+12 3
+3 6
cfi=(2)
cfn=(24)
calls=1 875 
* 111224
+2 9
-67 1
+1 1
-29 1
+1 1
+11 1
+1 1
-7 1
+1 1
-4 1
+1 1
-25 1
+1 1
-4 1
+1 1
-7 1
+1 1
+2 1
+1 1

fn=(190)
251 1

fl=(9)
fn=(18)
39 1
+7 1
-7 5
+7 1
-7 1
+10 1
-3 1
+3 5
188 2
+1 7
+7 3
307 1
+1 1
+1 1
+1 8
60 1
-31 2
+4 1
-4 1
+5 1
-1 1
+31 1
-30 1
+30 1
-31 1
+27 2
-26 1
+30 1
+1 1
-36 2
+3 1
+28 1
+5 1
+5 1
-17 1
+17 1
+3 1
+1 7
+67 5
-88 2
+78 3

fl=(34) /usr/src/debug/glibc-2.17-c758a686/io/../sysdeps/unix/sysv/linux/wordsize-64/fxstat.c
fn=(116) _fxstat
35 2
-1 2
+1 2
+1 12
+4 2

fl=(38) /usr/src/debug/glibc-2.17-c758a686/io/../sysdeps/unix/sysv/linux/wordsize-64/xstat.c
fn=(136) _xstat
35 3
-1 3
+1 3
+1 18
+4 1
-4 8

fl=(40)
fn=(156)
148 40
+15 4
-15 8
+15 4
+1 16
+6 8
+6 12
-18 4
+22 4
+8 8
-33 4
+78 4
fi=(5)
76 4
fe=(40)
233 8
fi=(5)
76 12
fe=(40)
259 176
159 10
fi=(5)
299 16
fe=(40)
-40 2
fi=(4)
48 2
fe=(40)
259 2
fi=(4)
58 2
fe=(40)
259 2
fi=(4)
47 4
+11 4
fe=(40)
259 2
159 10
fi=(5)
299 16
fe=(40)
-40 2
fi=(4)
48 2
fe=(40)
259 2
fi=(4)
58 2
fe=(40)
259 2
fi=(4)
47 4
+11 4
fe=(40)
259 4
fi=(4)
48 4
fe=(40)
259 4
fi=(4)
58 4
fe=(40)
259 4
fi=(4)
47 8
+11 8
+3 8
fi=(5)
508 20
+4 20
+2 30
+1 10
fi=(4)
61 30
+2 30
+11 4
+1 8
fe=(40)
259 24
+3 12
+24 4
+3 8
+17 12
+2 32
fi=(4)
84 6
+2 12
+12 6
-15 6
+15 6
-15 6
+15 6
+10 8
+3 10
fi=(5)
498 6
fi=(4)
111 8
fi=(5)
498 3573
fi=(4)
111 4764
+7 18
+3 5
+3 5
-3 5
+3 5
-74 3
fi=(5)
425 3
fi=(4)
51 3
fi=(5)
425 12
fi=(4)
127 440
+9 206
+3 206
fi=(5)
267 103
fi=(4)
138 103
-2 103
+1 412
fi=(5)
267 103
+21 206
+4 206
+7 1285
fi=(4)
137 75
fi=(5)
299 150
fi=(4)
137 75
fi=(5)
299 75
fi=(4)
138 75
fi=(5)
299 150
fi=(4)
137 75
fi=(5)
299 234
fi=(4)
137 9
fi=(5)
299 18
fi=(4)
137 9
fi=(5)
299 9
fi=(4)
138 9
fi=(5)
299 18
fi=(4)
137 9
fi=(5)
299 1035
cfi=(6)
cfn=(162)
calls=84 716 
* 68661
* 336
+2 270
+3 102
-3 204
+3 306
+6 721
fe=(40)
177 8
+1 2
+2 4
+79 10
fi=(5)
82 4
+4 6
+14 2
-8 2
+8 4
+20 4
+7 4
+4 8
418 270
fi=(4)
124 339
+19 6
+1 26
+1 21
+3 14
+4 14
-1 7
-3 7
+1 7
+1 7
-1 14
fi=(5)
299 28
+2 7
+3 7
-3 7
+3 21
471 14
+1 7
cob=(3)
cfi=(48)
cfn=(184)
calls=1 0 
* 15
cob=(3)
cfi=(47)
cfn=(182)
calls=1 30 
* 22
cob=(3)
cfi=(46)
cfn=(180)
calls=1 27 
* 8
cob=(3)
cfi=(42)
cfn=(178)
calls=1 120 
* 8
cob=(3)
cfi=(45)
cfn=(176)
calls=1 30 
* 5
cob=(3)
cfi=(43)
cfn=(172)
calls=1 36 
* 22
cob=(3)
cfi=(42)
cfn=(170)
calls=1 100 
* 8
+1 14
299 39
fi=(4)
129 26
fi=(5)
299 18
+91 36
+4 60
+5 60
-71 2
+1 3
fi=(4)
108 3
fe=(40)
314 4
+1 2
+1 2
-1 2
-1 4
+2 2
+3 4
+1 6
cfi=(36)
cfn=(120)
calls=2 81 
* 10
* 4
fi=(5)
-21 14
fi=(4)
129 3
+31 8
+2 12
+8 6
+1 3
-1 3
+1 3
fi=(5)
+96 3
fi=(4)
-97 6
fi=(5)
+97 3
+21 6
+4 6
+7 81
cfi=(6)
cfn=(162)
calls=3 716 
* 2166
* 12
+2 9
+3 1
-3 2
+3 3
+6 21
418 9
fi=(4)
160 9
+14 5
fi=(5)
299 132
fe=(40)

fl=(62) /usr/src/debug/glibc-2.17-c758a686/elf/../elf/dl-runtime.c
fn=(252) _dl_fixup
66 16
+6 16
-6 8
+3 8
-1 8
+1 8
+3 8
+1 8
-1 16
+1 24
+1 8
-1 8
+1 16
+9 16
+4 24
+4 14
+1 28
+2 28
+7 24
-1 8
+11 72
cfi=(6)
cfn=(162)
calls=8 716 
* 6990
* 8
+4 24
+10 48
+16 8
-8 8
+8 24
+4 24
fi=(5)
+88 8
fe=(62)
-84 24
-64 2
fi=(70) /usr/src/debug/glibc-2.17-c758a686/elf/../sysdeps/x86_64/dl-irel.h
-53 2
cob=(3)
cfi=(42)
cfn=(400)
calls=1 +54 
* 5
cob=(3)
cfi=(71)
cfn=(300)
calls=1 * 
* 7
* 2
fe=(62)

fl=(21)
fn=(60)
45 7
+2 3
+85 8
-45 3
cfi=(22)
cfn=(62)
calls=1 -6 
* 5
* 1
+15 1
-15 1
+20 1
-1 1
+3 12
+4 3
-2 6
+2 10
+2 1
+1 2
-3 4
+7 3
-1 3
+4 3
-2 3
+2 10
+5 2

fl=(23)
fn=(130) _dl_dst_count
282 2
+3 2
-3 8
+3 2
cfi=(25) /usr/src/debug////////glibc-2.17-c758a686/string/../sysdeps/x86_64/rtld-strchr.S
cfn=(76) index
calls=2 38 
* 170
+3 2
-3 2
+3 2
+1 2
+19 12

fn=(74) expand_dynamic_string_token
434 56
285 14
434 7
285 7
cfi=(25)
cfn=(76)
calls=7 38 
* 521
+3 7
-3 7
+3 7
161 14
cfi=(10)
cfn=(20)
calls=7 26 
* 390
* 7
+1 14
cfi=(17)
cfn=(40)
calls=7 -69 
* 238
* 7
+2 14
459 7
167 14
459 42
167 14
cfi=(18)
cfn=(46)
calls=7 61 
* 206

fn=(64)
739 1
+13 2
-13 8
+13 3
cfi=(24)
cfn=(66)
calls=1 39 
* 346
+5 1
-5 1
+5 1
cfi=(17)
cfn=(40)
calls=1 93 
* 34
* 1
+1 1
-1 1
-1 1
+2 1
+8 1
-1 1
+1 1
-1 4
+5 4
cfi=(17)
cfn=(40)
calls=1 93 
* 34
* 1
+2 1
-2 1
-1 1
+3 1
+7 1
+10 1
+9 1
-20 1
+12 1
-1 1
+3 1
+1 1
-1 1
+6 9
+1 10
+2 2
-12 1
+12 1
-14 1
+2 1
+3 1
-2 1
+3 1
-1 8
+1 3
+6 11
-1 2
+14 1
-11 1
+6 1
+1 1
+5 2
+4 3
+32 4
-16 1
-2 1
+2 2
+18 2
cfi=(10)
cfn=(20)
calls=1 26 
* 136
* 20
cfi=(18)
cfn=(46)
calls=1 61 
* 103
+5 1
-5 1
+5 3
-1 2
+2 1
+1 3
-2 4
+1 78
+1 234
-2 313
+5 1
cfi=(17)
cfn=(40)
calls=1 93 
* 34
* 1
+1 1
-2 1
+2 1
+6 7
cfn=(70) fillin_rpath
calls=1 504 
* 3997
+3 3
+6 1
+4 8
-37 2
-46 2

fn=(106) open_verify
1684 50
+36 5
-36 10
+36 10
+21 20
cfi=(33)
cfn=(108) open
calls=5 81 
* 37
+1 5
-1 5
+1 5
+11 2
+1 4
+5 12
cfi=(33)
cfn=(110) read
calls=2 81 
* 10
+2 4
+2 2
+2 2
-2 2
+2 2
-2 2
+8 4
+16 10
cfi=(14)
cfn=(30)
calls=2 309 
* 173
* 4
+2 2
-2 4
+4 8
cfi=(14)
cfn=(30)
calls=2 309 
* 160
-4 4
+60 4
+5 4
+3 8
+5 4
+7 10
+1 8
+1 2
+15 8
1747 4
1884 88
+1 34
+4 6
+1 2
-1 2
+29 2
+1 2
+2 2
-3 2
+1 2
-1 2
+1 2
-2 2
+4 4
+5 1
+1 1
-13 4
cfi=(14)
cfn=(30)
calls=1 309 
* 73
* 8
cfi=(14)
cfn=(30)
calls=2 309 
* 160
* 6
+16 2
+6 1
-3 1
+1 1
+1 1
+1 2
+11 4
cob=(2)
cfi=(16)
cfn=(78)
calls=2 0 
* 14
* 2
+4 19
1732 3
1951 23
-14 3
-4 1
+1 1
+1 1
-1 3
-1 1
+4 2
1787 4
cfi=(14)
cfn=(30)
calls=1 309 
* 88
* 2

fn=(112) _dl_map_object_from_fd
919 22
+11 2
-11 2
+11 2
-11 6
+11 2
cfi=(27)
cfn=(84)
calls=2 51 
* 16
+4 6
-4 2
+4 2
cfi=(34)
cfn=(116)
calls=2 35 
* 20
* 4
+11 14
+1 6
-1 15
+1 20
476 2
1636 16
963 4
+25 4
+10 4
+22 2
-89 2
+89 6
+35 14
cfi=(15)
cfn=(32)
calls=2 62 
* 1065
+1 2
-1 2
+1 2
+11 4
+5 2
-5 2
+1 4
+1 2
+2 2
-2 2
+2 8
+1 6
+1 2
+24 38
+8 2
-8 4
+8 2
-8 6
+8 2
+99 2
1098 2
1204 2
1099 2
-11 2
1204 4
+8 8
1106 28
-1 128
+1 96
+6 4
+1 6
+1 2
+9 20
+6 8
+1 4
-1 16
+7 16
+11 4
+2 4
-1 4
+4 4
-5 4
+1 4
-1 8
+2 4
-1 4
+2 4
+3 4
+4 4
-9 4
+2 4
+1 4
+1 4
+1 4
+4 4
+1 6
+5 4
-16 2
+16 10
+10 2
-10 4
-16 2
+16 10
+10 2
+3 3
+5 1
-1 1
+3 1
-1 1
-1 1
+1 1
+3 3
+1 2
+3 2
+4 4
+6 1
cfi=(28)
cfn=(138) _dl_next_tls_modid
calls=1 52 
* 6
* 2
+1 1
+60 2
+1 3
+1 1
-6 4
+1 2
1117 2
+1 5
1265 6
+13 16
+2 4
+14 2
+5 12
cfi=(35)
cfn=(118)
calls=2 32 
* 70
+4 2
-4 2
+4 2
+7 2
+1 2
-1 2
+1 2
+2 2
-3 2
+1 2
+2 2
+10 2
+2 2
+33 12
+1 6
+2 8
+8 16
+6 2
+2 2
-2 2
+1 2
+2 2
-1 2
+1 2
-1 6
+8 4
+3 4
+11 14
cfi=(26)
cfn=(82)
calls=2 30 
* 1916
+1 10
+5 4
+15 4
-74 20
+2 8
+2 16
cfi=(35)
cfn=(118)
calls=2 32 
* 62
* 4
1068 2
1424 8
+9 4
fi=(3)
38 2
fe=(23)
1433 2
fi=(3)
38 2
+6 2
-2 2
+2 4
+7 2
+5 2
+3 2
-1 2
-3 2
-3 40
+10 9
-18 27
+8 31
+10 31
-18 93
+18 2
-18 6
+2 84
+5 44
+2 8
+16 4
+20 7
+1 8
+1 8
+1 8
+2 8
+5 8
+1 7
+1 8
+35 6
+5 1
+2 1
-2 1
+2 1
+2 2
+2 2
+1 1
+2 6
+10 2
-8 4
+9 4
-1 2
+5 4
+1 2
+2 4
fe=(23)
1439 4
+16 6
+19 4
+2 10
+51 6
+1 2
+3 2
cfi=(33)
cfn=(124) close
calls=1 81 
* 5
* 2
cfi=(33)
cfn=(124)
calls=1 81 
* 5
* 4
+8 10
+3 6
+2 2
-2 2
+2 2
+16 4
cfi=(6)
cfn=(10)
calls=2 865 
* 46
+4 4
+1 4
+17 4
+1 1
+3 1
+6 1
-6 1
+1 2
+5 1
-6 1
+6 1
-6 1
+1 2
+5 1
+10 4
+10 6
cfi=(15)
cfn=(48)
calls=2 33 
* 84
+4 6
fi=(3)
56 8
fe=(23)
1320 2
-1 10
cfi=(36)
cfn=(120)
calls=2 81 
* 10
* 2
fi=(3)
59 8
+1 2
+1 8
fe=(23)
1362 5
+2 1
-1 3
+1 2
-1 1
+1 2
-1 2
+3 4
+43 8
cfi=(35)
cfn=(118)
calls=1 32 
* 31
+3 2
1539 4

fn=(134) open_path
1965 8
+1 1
-1 5
+7 1
-7 1
+1 1
+6 2
+5 17
+74 1
-74 1
-7 1
-1 1
+82 1
-22 1
-52 1
+52 4
-40 1
-9 1
+9 1
+7 4
cfi=(18)
cfn=(68)
calls=1 61 
* 26
+1 1
-1 1
+1 3
-13 2
+33 8
+1 1
+23 1
+2 3
-46 5
+3 8
+4 32
cfi=(18)
cfn=(68)
calls=4 61 
* 85
* 16
cfi=(18)
cfn=(68)
calls=4 61 
* 92
* 4
+3 4
+3 8
+3 28
cfn=(106)
calls=4 1684 
* 748
* 4
+2 12
+7 6
+1 27
+6 6
+2 9
-2 3
+2 3
cfi=(38)
cfn=(136)
calls=3 35 
* 36
* 6
+1 1
+2 1
-2 1
+2 8
+7 2
-44 2
+37 4
+7 4
-44 4
2105 2
-37 2
cfi=(17)
cfn=(40)
calls=1 93 
* 34
* 1
* 1
+1 1
-1 1
+1 1
+2 4
cfi=(18)
cfn=(46)
calls=1 61 
* 27
+35 1
-34 1
+34 9
-72 4

fn=(102)
2114 3
+12 6
-12 3
+12 3
-12 27
+12 3
-12 6
+12 6
+12 12
-12 18
+5 21
+1 14
+2 21
cfi=(32)
cfn=(104)
calls=7 304 
* 492
* 15
2419 24
2161 4
+11 8
-56 4
+92 4
-2 2
+2 2
cfi=(25)
cfn=(76)
calls=2 38 
* 112
* 4
2350 5
cfn=(74)
calls=1 434 
* 381
+1 1
-3 1
+4 1
-1 2
+4 6
cfn=(106)
calls=1 1684 
* 446
+3 1
-3 1
+3 1
+12 6
+2 4
+44 2
+1 14
-1 2
+1 10
cfn=(112)
calls=2 919 
* 5019
* 2
2212 2
cfi=(10)
cfn=(20)
calls=1 26 
* 63
* 1
+2 1
-2 1
+2 1
+7 4
+35 2
+1 15
cfn=(134)
calls=1 1965 
* 1358
* 3
+6 6
+8 2
+71 2
-97 5
+1 7
716 1
2247 1
716 2
2225 1
+8 5
-7 2
-1 1
+8 8
-3 3
716 1
2231 1
716 2
2139 18
+3 2
+2 2
-1 4
+1 2
cfi=(19)
cfn=(54)
calls=2 132 
* 21
* 4

fn=(70)
504 7
+2 1
-2 9
+4 3
cfi=(17)
cfn=(72) strsep
calls=1 337 
* 115
* 18
cfi=(17)
cfn=(72)
calls=6 337 
* 1179
* 21
+4 6
+3 6
-4 6
+4 6
+27 90
+1 50
cfi=(14)
cfn=(30)
calls=2 309 
* 170
* 4
+7 2
+50 12
cob=(2)
cfi=(16)
cfn=(78)
calls=6 0 
* 60
* 6
-39 10
+4 15
+1 15
-1 5
+1 5
-2 5
cfi=(17)
cfn=(40)
calls=5 93 
* 170
* 5
+3 5
-3 5
+3 15
+5 5
+1 15
-2 5
+2 5
cfi=(18)
cfn=(68)
calls=5 61 
* 123
+3 5
-3 5
+3 5
-2 5
+2 5
+1 1
+5 4
+1 2
-1 16
+1 68
+1 50
+3 5
-1 10
+1 5
+7 5
+1 5
+3 15
-81 18
cfn=(74)
calls=6 -83 
* 1212
+3 6
-3 6
+3 6
+5 12
cfi=(10)
cfn=(20)
calls=6 26 
* 228
+1 12
+7 36
+5 24
+17 2
+6 10
+43 1
+3 9
-57 3
-17 12
+59 10

fl=(12)
fn=(26)
37 1
-8 1
+8 1
+1 4
+4 87
+1 1
-1 4
+3 2
+12 42
-19 126
+22 2

fl=(37)
fn=(132) openaux
60 4
+7 2
-4 6
+1 2
-1 2
+1 2
-1 10
cfi=(23)
cfn=(102)
calls=2 2114 
* 5599
* 2
+5 4

fn=(128)
147 1
+1 1
-1 2
+1 1
-1 1
+1 1
-1 1
+1 2
-1 4
+1 2
-1 1
+1 2
-1 1
+1 10
+15 1
-15 1
+16 1
-2 1
+1 1
-15 1
+16 1
+6 3
+10 1
-10 1
+10 3
-14 1
-4 1
+2 1
+17 1
-17 1
-2 2
+2 1
-2 1
+2 1
-2 1
+1 1
+1 1
+6 3
+10 1
-10 1
+10 3
-16 4
+20 1
+21 1
+1 1
-22 2
+19 1
-12 1
+15 1
-16 1
+13 1
347 9
215 1
+4 1
-8 1
+8 2
-4 3
+4 3
-8 3
+8 6
+12 12
+2 4
+6 2
-6 4
+5 2
+1 2
+5 2
-4 2
+4 2
-4 2
+1 2
+3 2
-3 2
+3 4
-32 2
+32 4
+1 90
+6 8
cfi=(23)
cfn=(130)
calls=2 +31 
* 204
* 6
+5 10
-3 2
+3 2
cfi=(30)
cfn=(94)
calls=2 -97 
* 5749
+2 6
+15 2
+2 4
+19 4
+1 3
-51 180
475 8
+2 6
+3 4
-1 2
cfi=(17)
cfn=(40)
calls=2 93 
* 68
* 2
+2 2
-2 2
+2 2
+3 2
+1 8
-1 2
+1 2
cfi=(18)
cfn=(46)
calls=2 61 
* 41
+1 10
cfi=(18)
cfn=(46)
calls=2 61 
* 41
+4 2
-1 2
+5 28
+3 9
-1 4
+1 8
204 1
501 6
+1 2
+3 6
+11 4
-1 1
cfi=(17)
cfn=(40)
calls=1 93 
* 34
* 1
+3 1
-3 1
+3 2
+5 7
+1 4
+2 9
+6 9
+4 3
-10 3
+10 3
-10 7
+6 3
+4 1
-10 1
+10 1
-10 3
+13 2
+53 4
+43 18
+1 1
-1 3
-1 1
+2 1
cfi=(26)
cfn=(82)
calls=1 30 
* 14
* 11
+5 1
-1 1
+7 1
-6 1
+6 1
-11 6
+5 2
-1 2
+7 2
-6 2
+6 4
+2 8
+1 4
-1 4
+1 4
+3 6
-1 9
+23 3
-28 6
+31 9
+3 20
cfi=(26)
cfn=(82)
calls=2 30 
* 18
* 8
280 12
+6 2
-6 4
+3 2
+1 2
+1 2
+1 2
+4 10
-2 8
-37 6
-20 8
-19 4
+7 8
+1 17
+2 2
+2 6
+2 22
+71 129
688 2
+2 1
+1 1
-1 1
+9 3
+3 2
+3 8
226 26
628 10
cfi=(18)
cfn=(46)
calls=1 61 
* 28
+2 4
+33 3

fl=(61)
fn=(250)
71 1
+3 1
+2 1
+3 1
+13 1
+1 1
+1 1
+1 1
+1 1
+1 1
+1 1
+2 1
+29 1
+1 1
+1 1
cfi=(62)
cfn=(252)
calls=1 -65 
* 1168
+1 1
+3 1
+6 1
+1 1
+1 1
+1 1
+1 1
+1 1
+1 1
+2 1
+2 1
+4 1
+3 1
cob=(3)
cfi=(63)
cfn=(256)
calls=1 -26 
* 531018757

fn=(251)
71 7
+3 7
+2 7
+3 7
+13 7
+1 7
+1 7
+1 7
+1 7
+1 7
+1 7
+2 7
+29 7
+1 7
+1 7
cfi=(62)
cfn=(252)
calls=7 -65 
* 6382
+1 7
+3 7
+6 7
+1 7
+1 7
+1 7
+1 7
+1 7
+1 7
+2 7
+2 7
+4 7
+3 7
cob=(3)
cfi=(96)
cfn=(474)
calls=1 30 
* 53
cob=(3)
cfi=(92)
cfn=(408)
calls=1 39 
* 463
cob=(3)
cfi=(91)
cfn=(402)
calls=1 -28 
* 22
cob=(3)
cfi=(90)
cfn=(394)
calls=1 34 
* 3
cob=(3)
cfi=(85)
cfn=(358)
calls=1 35 
* 341
cob=(3)
cfi=(73)
cfn=(310)
calls=1 -61 
* 58404
cob=(3)
cfi=(72)
cfn=(302)
calls=1 32 
* 14

fl=(17)
fn=(80)
121 8
-2 16
+2 8
+7 14
-3 4
cfi=(26)
cfn=(82)
calls=1 -95 
* 13
+1 1
+2 2

fn=(72)
337 7
+1 14
+4 188
+7 444
-2 306
+4 10
+6 74
-15 223
+18 1
+4 1
-4 5
+4 6
-11 10
+1 5

fn=(44) __libc_memalign
51 124
+1 153
+11 30
+1 30
-1 30
+3 30
-3 30
+3 60
-3 1
+1 1
-1 1
+3 1
-3 1
+3 114
+4 12
+1 9
+6 21
cfi=(35)
cfn=(118)
calls=3 -45 
* 99
+2 15
+4 9
+3 3
+1 3
+2 15
-3 28
+1 28
+2 224
-31 3
+1 1
-2 3

fn=(36)
102 8
+7 24
-3 8
+3 16
+4 8
cfn=(40)
calls=8 -20 
* 373
* 8

fn=(40)
93 30
+1 60
cfn=(44)
calls=30 -43 
* 1001
* 30

fl=(31) /usr/src/debug////////glibc-2.17-c758a686/setjmp/../sysdeps/x86_64/setjmp.S
fn=(98) __sigsetjmp
26 3
+9 3
+1 6
+1 3
+4 3
+1 3
+1 3
+1 3
+1 3
+2 6
+2 3
+1 3
+1 3
+2 6
+2 3
+4 3
+1 3

fl=(49)
fn=(192)
316 4
+5 1

fl=(27)
fn=(88)
75 2

fn=(84)
51 8
+5 6
+5 2
-1 1
+1 2
+1 2
-1 2
-9 4
+4 8
+4 1
-1 1
-59 4

fl=(50)
fn=(196)
90 10
+5 1
-4 1
-1 1
+2 1
+3 2
+7 6
+28 3
+1 4
-97 3
+97 12
-97 9
+9 3
-3 6
+3 9
+5 6
+5 2
+8 2
+2 2
+4 4
cob=(3)
cfi=(52)
cfn=(218)
calls=1 -15 
* 165
+4 1
+1 2
+6 2
+2 2
-2 1
+3 6
+1 4
cob=(3)
cfi=(57)
cfn=(228)
calls=1 -1 
* 11
* 4
cob=(3)
cfi=(58)
cfn=(230)
calls=1 478 
* 2696
* 2
-1 7
+49 8
+4 1
+1 8
-86 4
-15 3
+9 1
-3 2
+3 3
+5 3
+5 2
+8 2
+2 2
+4 5
cob=(2)
cfi=(16)
cfn=(198)
calls=1 -67 
* 29
* 1
+4 1
+1 2
+26 2
-54 3

fl=(18)
fn=(46)
61 18
+2 18
+2 18
+3 17
+1 17
+2 7
+1 7
+2 7
+1 7
+5 7
+1 7
-1 10
+1 10
+2 5
+1 5
+2 5
+1 10
+5 5
+1 5
-1 12
+1 12
+2 3
+1 3
+2 3
+1 3
+5 3
+1 3
-1 14
+1 14
+2 7
+1 7
+2 7
+1 7
+5 7
+1 7
-1 10
+1 17
+5 7
+1 7
+1 7
+1 7
+2 7
+2 7
+1 7
+2 7
+8 17
+8 5
+6 5
+2 5
+1 5
+3 2
+1 6
+5 2
+1 2
+2 2
+2 2
+1 2
+2 2
-8 7
+1 7
+2 7
+2 7
+1 7
+2 11
+9 2
+1 2
-1 3
+1 3
+3 5
+1 5
+1 5
+5 5
+2 5
+1 5
+1 5
+1 5
+2 5
+1 5
+1 5
+1 5
+2 5
+1 5
+2 5
+2 3
+2 3
+1 3
+1 3
+1 3
+2 3
+1 3
+1 3
+1 3
+2 3
+1 3
+2 9
+5 3
+6 3
+1 3
-7 2
+6 2
+1 2
+2 1

fn=(68)
61 19
+4 19
+3 19
+1 19
+2 7
+1 7
+2 7
+1 7
+5 7
+1 7
-1 12
+1 12
+2 11
+1 11
+2 11
+1 11
+5 11
+1 11
-1 8
+1 8
+2 5
+1 5
+2 5
+1 5
+5 5
+1 5
-1 14
+1 14
+2 7
+1 7
+2 7
+1 14
+5 7
+1 7
-1 12
+1 17
+5 5
+1 5
+1 5
+1 5
+2 5
+2 5
+1 5
+2 5
+6 19
+4 19
+12 1
+2 1
+1 1
+26 1
+1 1
+3 1
+1 1
+1 1
+5 1
+2 1
+1 1
+1 1
+1 1
+2 1
+1 1
+1 1
+1 1
+2 1
+1 1
+2 1
+2 1
+2 1
+1 1
+1 1
+1 1
+2 1
+1 1
+1 1
+1 1
+2 1
+1 1
+2 3
+5 1
+2 1

fl=(33)
fn=(110)
81 8
+1 2

fn=(124)
81 8
+1 2

fn=(108)
81 20
+1 2
+1 15

fn=(126)
81 4
+2 5

fl=(30)
fn=(94)
159 21
+9 3
+2 3
cfi=(2)
cfn=(96)
calls=3 747 
* 6
* 3
+1 3
+2 6
-2 3
+2 3
cfi=(31)
cfn=(98)
calls=3 26 
* 60
+1 6
+2 6
+1 6
-1 3
+1 3
cfi=(37)
cfn=(132)
calls=2 60 
* 5633
cfi=(2)
cfn=(100)
calls=1 579 
* 2686
+1 3
+4 3
-4 3
+1 6
+1 6
+1 6
+10 12

fn=(140)
197 10
+1 1
cfi=(2)
cfn=(96)
calls=1 747 
* 2
+5 1
-1 1
-4 1
+9 1
+2 1
-3 1
+3 1
cfi=(2)
cfn=(142)
calls=1 611 
* 2502
+2 1
+1 1
+1 8

fl=(25)
fn=(76)
38 11
+1 11
+1 11
+1 11
+1 6
+1 6
+3 6
+1 6
+1 6
-2 24
+1 24
+1 24
+1 30
+1 30
+1 30
+1 30
+1 30
+9 11
+1 11
+1 11
+2 22
+32 11
+1 11
+1 11
+1 11
+2 11
+3 11
-8 2
+1 2
+1 2
+1 2
+2 2
+3 2
+1 13
+1 13
+1 13
+2 13
+5 12
+1 12
+1 12
+3 12
+1 10
+1 10
+1 10
+2 10
+3 7
+1 7
+1 7
+1 7
+2 7
+3 7
+1 7
+1 7
+1 7
+2 7
+5 7
+1 7
+1 7
+3 7
+1 5
+1 5
+1 5
+2 5
+2 3
+1 3
+1 3
+1 3
+2 3
+3 3
+1 3
+1 3
+1 3
+2 3
+5 3
+1 3
+1 3
+3 3
+1 3
+1 3
+1 3
+2 3
+2 2
+1 2
+1 2
+1 2
+2 2
+3 2
+1 2
+1 2
+1 2
+2 2
+5 2
+1 2
+1 2
+3 2
+1 2
+1 2
+1 2
+2 2
+4 10
+1 10
+11 1
+1 1
+1 1
+1 1
+47 1
+1 1

fl=(28)
fn=(186)
879 6
+6 1
+3 2
+5 5
+41 1
+1 3
+1 6

fn=(152)
144 1
+34 1
-34 1
+34 2
-45 1
+1 1
+2 1
-3 1
+2 1
-2 1
+43 1
-43 2
+50 1
-1 1
+5 2
-4 1
-1 1
+7 1
-7 1
+3 2
+2 1
+2 1
-2 2
+16 5
+2 1
+1 1
-1 2
+4 1
+6 1
-12 1
-25 5
+40 1
+53 4
-1 1
+1 3
-52 1
+52 1

fn=(86)
111 2
+1 2

fn=(138)
52 3
+48 2
+4 1

fn=(154)
349 1
+13 1
-13 2
+2 1
+11 2
cfi=(17)
cfn=(44)
calls=1 51 
* 78
* 1
+1 1
-1 1
+1 1
+7 1
+4 306
-58 1
+1 1
-1 1
+1 2
cfi=(17)
cfn=(36)
calls=1 102 
* 43
* 1
+1 2
+9 1
-6 1
+6 1
+64 5

fn=(188)
443 7
+1 1
-1 1
+1 1
+4 1
+6 2
-6 2
+6 2
+12 1
-15 1
-1 2
+21 6
+6 12
+3 1
+1 2
+7 1
+2 1
-2 2
+2 3
+1 1
+3 2
-1 2
+18 1
-2 1
-8 1
+8 2
-8 1
+8 1
cfi=(18)
cfn=(68)
calls=1 61 
* 23
* 4
cfi=(26)
cfn=(82)
calls=1 30 
* 150
* 2
-38 3
+52 2
+2 1
+1 8

totals: 531135524
